471
198
245
20
63
486
364
483
282
214
68
149
275
75
99
265
423
254
326
194
421
456
281
111
329
412
455
286
33
196
39
177
474
289
67
80
417
292
267
414
468
280
173
147
442
4
337
10
261
83
135
256
392
305
97
124
69
246
272
393
222
480
225
470
143
358
433
94
151
443
290
188
88
303
215
491
473
125
464
25
403
210
117
386
311
138
13
153
166
27
71
489
381
345
422
186
233
493
405
199
56
30
331
341
55
49
119
61
379
351
60
36
268
72
334
21
2
191
354
102
492
312
249
211
255
43
399
449
208
96
140
427
16
58
365
104
479
448
200
226
14
100
106
248
346
217
65
156
317
141
315
361
44
309
291
101
484
353
11
28
227
437
216
314
387
51
168
230
84
195
416
240
431
367
451
435
454
375
86
204
34
157
90
18
500
183
137
250
269
359
201
333
394
182
189
446
66
299
430
347
202
8
9
453
192
363
320
139
237
252
234
457
438
152
184
413
121
391
98
298
132
54
407
162
439
212
146
396
287
122
328
273
136
366
376
158
163
165
148
6
302
42
130
263
235
336
26
487
35
296
31
113
418
469
219
178
107
323
209
59
179
348
236
276
262
5
164
131
481
495
409
352
193
103
452
127
223
167
310
462
115
159
77
476
321
397
133
161
465
70
383
404
475
498
294
274
490
477
380
377
415
378
229
444
185
57
82
221
112
89
126
257
283
142
499
93
150
350
436
374
144
295
224
458
154
81
134
1
220
176
181
109
207
316
118
78
160
52
85
402
461
23
357
494
206
482
459
319
307
19
425
197
174
50
313
301
116
64
463
91
362
12
355
277
420
284
155
17
145
478
45
327
460
120
325
450
340
108
424
382
322
37
29
388
232
169
472
338
228
330
356
187
368
304
110
445
467
3
428
447
419
87
369
172
266
332
410
497
170
175
264
434
343
243
105
360
247
398
32
400
218
205
440
129
300
401
92
213
270
306
441
466
349
271
22
285
288
259
242
180
395
297
53
46
390
244
411
384
260
258
485
344
293
114
496
190
76
385
239
342
38
279
74
171
40
241
432
238
389
278
488
406
408
123
203
73
15
426
373
253
62
429
339
79
24
47
372
318
370
41
48
308
335
324
231
7
128
95
251
371
